1.000004,2.999999;1.501314,2.999999;1.666314,2.999999;1.998314,2.999999;2.998314,2.999999;4.999314,2.999999;7.001314,2.999999;7.042314,3.032499;7.042314,3.254499
142.821594,28.8;142.835374,28.8;142.944424,28.8;142.995424,28.8;143.079014,28.8;143.079014,28.80423;143.090864,28.81526;143.090864,28.81831;143.09716399999968,28.81831
1.318821,117.529047;1.318821,117.646347;1.318821,117.726647;1.318821,117.873947;1.318821,118.150947;1.318821,118.287447;1.318821,118.526447;1.318821,119.042747;1.318821,117.529047
247.300124,159.511214;247.301214,159.511214;247.309344,159.511214;247.309844,159.511214;247.312444,159.511214;0.0,0.0;0.0,0.0;0.0,0.0;0.0,0.0
683.143853999985,1060.011;683.1441329999843,1060.011;683.1442879999839,1060.011;683.1442879999839,1060.011;683.1448179999846,1060.011;683.1465509999803,1060.011;683.1485709999755,1060.011;683.1492449999738,1060.011;683.151939999967,1060.011
805.1520219999668,1060.011;805.1521249999665,1060.011;805.1521609999664,1060.011;805.1533699999634,1060.011;805.1551669999589,1060.011;805.155906999957,1060.011;805.1560649999566,1060.011;805.161455999943,1060.011;805.1803239999384,1060.011
0.0,0.0;0.0,0.0;0.0,0.0;0.0,0.0;0.0,0.0;0.0,0.0;0.0,0.0;0.0,0.0;0.0,0.0
0.0,0.0;0.0,0.0;0.0,0.0;0.0,0.0;0.0,0.0;0.0,0.0;0.0,0.0;0.0,0.0;0.0,0.0
0.0,0.0;0.0,0.0;0.0,0.0;0.0,0.0;0.0,0.0;0.0,0.0;0.0,0.0;0.0,0.0;0.0,0.0
0.0,0.0;0.0,0.0;0.0,0.0;0.0,0.0;0.0,0.0;0.0,0.0;0.0,0.0;0.0,0.0;0.0,0.0
0.0,0.0;0.0,0.0;0.0,0.0;0.0,0.0;0.0,0.0;0.0,0.0;0.0,0.0;0.0,0.0;0.0,0.0
0.0,0.0;0.0,0.0;0.0,0.0;0.0,0.0;0.0,0.0;0.0,0.0;0.0,0.0;0.0,0.0;0.0,0.0