1.209,0.0;1.0,1.5141;1.321,1.5091;1.321,3.0281;1.65,3.0281;1.65,4.5461;1.209,4.5461;1.209,0.0;0.0,0.0
1.000004,2.999999;1.501314,2.999999;1.666314,2.999999;1.998314,2.999999;2.998314,2.999999;4.999314,2.999999;7.001314,2.999999;7.042314,3.032499;7.042314,3.254499
6.839029,0.0;6.839029,0.5101;12.603029,0.5131;12.603029,1.0301;10.681029,1.0301;4.831029,1.0301;1.921029,1.0351;1.921029,3.1231;1.121029,0.44395
6.839029,0.0;6.839029,0.5101;6.839029,5.7518;6.992029,5.7518;7.658029,5.7518;7.822029,5.7518;8.062029,5.7518;8.324029,5.7518;8.324029,1.5018
142.821594,28.8;142.821594,28.79817;142.821594,28.79756;0.0,0.0;0.0,0.0;0.0,0.0;0.0,0.0;0.0,0.0;0.0,0.0
147.004366,116.046585;147.002525,116.046585;146.999155,116.046585;146.99667,116.046585;146.990175,116.046585;146.98965,116.046585;146.987245,116.046585;146.985305,116.046585;0.0,0.0
0.0,0.0;0.0,0.0;0.0,0.0;0.0,0.0;0.0,0.0;0.0,0.0;0.0,0.0;0.0,0.0;0.0,0.0
0.0,0.0;0.0,0.0;0.0,0.0;0.0,0.0;0.0,0.0;0.0,0.0;0.0,0.0;0.0,0.0;0.0,0.0
0.0,0.0;0.0,0.0;0.0,0.0;0.0,0.0;0.0,0.0;0.0,0.0;0.0,0.0;0.0,0.0;0.0,0.0
0.0,0.0;0.0,0.0;0.0,0.0;0.0,0.0;0.0,0.0;0.0,0.0;0.0,0.0;0.0,0.0;0.0,0.0
0.0,0.0;0.0,0.0;0.0,0.0;0.0,0.0;0.0,0.0;0.0,0.0;0.0,0.0;0.0,0.0;0.0,0.0
0.0,0.0;0.0,0.0;0.0,0.0;0.0,0.0;0.0,0.0;0.0,0.0;0.0,0.0;0.0,0.0;0.0,0.0