34.573604,36.196067;34.571494,36.196067;34.576694,36.196067;34.584354,36.196067;34.591214,36.196067;0.0,0.0;0.0,0.0;0.0,0.0;0.0,0.0
805.1520219999668,1060.011;805.1521249999665,1060.011;805.1521609999664,1060.011;805.1533699999634,1060.011;805.1551669999589,1060.011;805.155906999957,1060.011;805.1560649999566,1060.011;805.161455999943,1060.011;805.1803239999384,1060.011
100.39282,100.584828;100.469354,100.584828;200.927857,100.584828;213.169908,100.584828;213.850506,100.584828;213.948548,100.584828;0.0,0.0;0.0,0.0;0.0,0.0
0.0,0.0;0.0,0.0;0.0,0.0;0.0,0.0;0.0,0.0;0.0,0.0;0.0,0.0;0.0,0.0;0.0,0.0
0.0,0.0;0.0,0.0;0.0,0.0;0.0,0.0;0.0,0.0;0.0,0.0;0.0,0.0;0.0,0.0;0.0,0.0
0.0,0.0;0.0,0.0;0.0,0.0;0.0,0.0;0.0,0.0;0.0,0.0;0.0,0.0;0.0,0.0;0.0,0.0
0.0,0.0;0.0,0.0;0.0,0.0;0.0,0.0;0.0,0.0;0.0,0.0;0.0,0.0;0.0,0.0;0.0,0.0
0.0,0.0;0.0,0.0;0.0,0.0;0.0,0.0;0.0,0.0;0.0,0.0;0.0,0.0;0.0,0.0;0.0,0.0
0.0,0.0;0.0,0.0;0.0,0.0;0.0,0.0;0.0,0.0;0.0,0.0;0.0,0.0;0.0,0.0;0.0,0.0
0.0,0.0;0.0,0.0;0.0,0.0;0.0,0.0;0.0,0.0;0.0,0.0;0.0,0.0;0.0,0.0;0.0,0.0
0.0,0.0;0.0,0.0;0.0,0.0;0.0,0.0;0.0,0.0;0.0,0.0;0.0,0.0;0.0,0.0;0.0,0.0
0.0,0.0;0.0,0.0;0.0,0.0;0.0,0.0;0.0,0.0;0.0,0.0;0.0,0.0;0.0,0.0;0.0,0.0