24.446128,24.057422;24.467908,24.057422;24.486838,24.057422;24.515028,24.057422;24.543178,24.057422;24.566588,24.057422;24.584008,24.057422;0.0,0.0;0.0,0.0
80.771305,90.257813;80.793905,90.257813;80.84533,90.257813;80.855465,90.257813;80.911395,90.257813;80.922705,90.257813;0.0,0.0;0.0,0.0;0.0,0.0
244.123944,90.569531;244.128124,90.569531;244.132224,90.569531;244.154959,90.569531;244.161199,90.569531;244.169156,90.569531;0.0,0.0;0.0,0.0;0.0,0.0
130.003818,196.855078;130.007498,196.855078;130.013161,196.855078;130.022061,196.855078;130.024581,196.855078;0.0,0.0;0.0,0.0;0.0,0.0;0.0,0.0
230.171896,216.673828;230.183183,216.673828;230.188008,216.673828;230.192393,216.673828;230.200128,216.673828;0.0,0.0;0.0,0.0;0.0,0.0;0.0,0.0
222.733289,216.673828;222.736528,216.673828;222.742635,216.673828;222.746484,216.673828;222.749915,216.673828;0.0,0.0;0.0,0.0;0.0,0.0;0.0,0.0
133.000266,135.202734;133.000872,135.202734;133.004562,135.202734;133.005505,135.202734;133.00661,135.202734;0.0,0.0;0.0,0.0;0.0,0.0;0.0,0.0
118.420764,100.70024;118.4239,100.70024;118.426664,100.70024;118.428354,100.70024;118.431364,100.70024;118.420764,100.70024;0.0,0.0;0.0,0.0;0.0,0.0
107.518094,100.70024;107.521674,100.70024;107.523999,100.70024;107.530039,100.70024;107.518094,100.70024;0.0,0.0;0.0,0.0;0.0,0.0;0.0,0.0
36.107959,22.93125;36.246449,22.93125;36.277649,22.93125;36.297879,22.93125;36.322729,22.93125;36.408529,22.93125;36.520159,22.93125;0.0,0.0;0.0,0.0
0.0,0.0;0.0,0.0;0.0,0.0;0.0,0.0;0.0,0.0;0.0,0.0;0.0,0.0;0.0,0.0;0.0,0.0
0.0,0.0;0.0,0.0;0.0,0.0;0.0,0.0;0.0,0.0;0.0,0.0;0.0,0.0;0.0,0.0;0.0,0.0