18.052216,244.074609;18.053068,244.074609;18.053581,244.074609;18.055551,244.074609;18.057072,244.074609;18.058592,244.074609;18.067722,244.074609;18.068412,244.074609;18.071467,244.074609
227.976244,290.807813;227.976554,290.807813;227.978254,290.807813;227.978966,290.807813;227.9793,290.807813;227.981653,290.807813;227.982748,290.807813;227.985488,290.807813;0.0,0.0
15.860632,160.679297;15.863747,160.679297;15.866627,160.679297;15.870102,160.679297;15.873287,160.679297;15.882317,160.679297;15.883447,160.679297;15.887102,160.679297;15.907457,160.679297
74.80082,288.478125;74.801315,288.478125;74.802286,288.478125;74.803141,288.478125;74.803726,288.478125;74.804465,288.478125;74.806057,288.478125;74.806362,288.478125;0.0,0.0
125.830384,125.663672;125.832113,125.663672;125.833719,125.663672;125.834539,125.663672;125.835965,125.663672;125.840831,125.663672;125.843548,125.663672;125.846127,125.663672;0.0,0.0
228.657489,228.930469;228.657808,228.930469;228.658069,228.930469;228.658284,228.930469;228.660141,228.930469;228.660601,228.930469;228.662204,228.930469;228.662692,228.930469;228.663507,228.930469
239.161936,240.419531;239.163991,240.419531;239.165371,240.419531;239.165833,240.419531;239.166701,240.419531;239.167588,240.419531;239.168949,240.419531;239.170053,240.419531;0.0,0.0
267.33008,241.176563;267.331605,241.176563;267.332255,241.176563;267.332996,241.176563;267.334596,241.176563;267.336741,241.176563;267.337747,241.176563;267.339413,241.176563;0.0,0.0
21.243331,76.864453;21.246981,76.864453;21.249531,76.864453;21.251976,76.864453;21.253276,76.864453;21.256206,76.864453;21.267766,76.864453;0.0,0.0;0.0,0.0
30.789883,49.795312;30.791103,49.795312;30.792723,49.795312;30.795978,49.795312;30.799253,49.795312;30.810113,49.795312;30.811853,49.795312;0.0,0.0;0.0,0.0
158.805722,38.411719;158.826382,38.411719;158.833092,38.411719;158.840632,38.411719;158.852517,38.411719;158.857777,38.411719;0.0,0.0;0.0,0.0;0.0,0.0
33.443609,76.864453;33.449569,76.864453;33.451659,76.864453;33.454062,76.864453;33.455873,76.864453;33.469573,76.864453;33.473748,76.864453;0.0,0.0;0.0,0.0